0.0
,0.012271528
,0.024541209
,0.036807194
,0.049067635
,0.061320689
,0.073564507
,0.085797243
,0.098017059
,0.11022212
,0.12241058
,0.1345806
,0.14673036
,0.15885802
,0.17096175
,0.18303974
,0.19509016
,0.20711121
,0.21910107
,0.23105793
,0.24297999
,0.25486544
,0.26671255
,0.27851948
,0.29028445
,0.30200571
,0.31368148
,0.32531005
,0.33688959
,0.34841838
,0.35989475
,0.37131691
,0.38268313
,0.39399174
,0.40524101
,0.41642925
,0.42755476
,0.43861589
,0.44961098
,0.46053839
,0.47139639
,0.4821834
,0.49289781
,0.50353801
,0.5141024
,0.5245893
,0.53499728
,0.54532462
,0.55556983
,0.56573141
,0.57580775
,0.58579749
,0.59569889
,0.60551059
,0.61523122
,0.62485909
,0.63439286
,0.64383107
,0.65317237
,0.66241533
,0.6715585
,0.68060052
,0.68954015
,0.69837582
,0.70710635
,0.71573037
,0.72424662
,0.73265386
,0.74095064
,0.74913591
,0.75720841
,0.76516682
,0.77301002
,0.78073674
,0.78834593
,0.79583645
,0.8032071
,0.81045675
,0.8175844
,0.82458884
,0.83146918
,0.83822423
,0.8448531
,0.85135478
,0.85772812
,0.86397243
,0.87008661
,0.87606966
,0.88192087
,0.88763922
,0.89322388
,0.89867407
,0.9039889
,0.90916759
,0.91420937
,0.91911346
,0.92387915
,0.92850572
,0.93299246
,0.93733865
,0.9415437
,0.94560701
,0.94952786
,0.95330572
,0.95694005
,0.9604302
,0.96377575
,0.96697617
,0.97003102
,0.97293967
,0.97570187
,0.97831714
,0.98078507
,0.9831053
,0.98527741
,0.98730123
,0.98917633
,0.99090248
,0.99247938
,0.9939068
,0.9951846
,0.9963125
,0.99729037
,0.99811804
,0.99879539
,0.9993223
,0.99969876
,0.99992466
,1.0
,0.99992472
,0.99969882
,0.99932241
,0.99879551
,0.99811816
,0.99729055
,0.99631274
,0.99518484
,0.99390709
,0.99247968
,0.99090278
,0.98917669
,0.98730165
,0.98527789
,0.98310572
,0.98078555
,0.97831762
,0.97570246
,0.97294027
,0.97003162
,0.96697682
,0.96377647
,0.96043092
,0.95694077
,0.9533065
,0.94952863
,0.94560784
,0.94154453
,0.93733954
,0.93299335
,0.92850667
,0.92388016
,0.91911447
,0.91421044
,0.90916872
,0.90399003
,0.8986752
,0.89322501
,0.88764036
,0.88192213
,0.87607092
,0.8700878
,0.86397368
,0.85772943
,0.85135603
,0.84485453
,0.83822566
,0.83147055
,0.82459027
,0.81758577
,0.8104583
,0.80320865
,0.795838
,0.78834754
,0.78073829
,0.77301151
,0.76516849
,0.75721008
,0.74913758
,0.74095231
,0.73265547
,0.72424847
,0.71573216
,0.70710814
,0.69837761
,0.68954188
,0.68060249
,0.67156041
,0.66241723
,0.65317428
,0.64383298
,0.63439488
,0.62486112
,0.61523318
,0.60551262
,0.59570086
,0.5857994
,0.57580996
,0.56573355
,0.55557197
,0.54532671
,0.53499931
,0.52459157
,0.5141046
,0.50354022
,0.49290001
,0.48218557
,0.47139853
,0.46054068
,0.44961327
,0.43861818
,0.42755702
,0.41643146
,0.4052434
,0.39399412
,0.38268548
,0.37131923
,0.35989705
,0.34842089
,0.33689204
,0.32531244
,0.31368387
,0.30200806
,0.29028699
,0.27852198
,0.26671502
,0.25486788
,0.24298239
,0.2310603
,0.21910363
,0.20711374
,0.19509265
,0.18304218
,0.17096417
,0.15886062
,0.14673293
,0.13458313
,0.12241306
,0.11022457
,0.098019466
,0.085799843
,0.073567063
,0.061323203
,0.049070109
,0.036809623
,0.024543833
,0.012274108
,0.0
,-0.012269038
,-0.024538763
,-0.036804557
,-0.049065042
,-0.06131814
,-0.073562004
,-0.085794792
,-0.098014422
,-0.11021952
,-0.12240803
,-0.13457811
,-0.1467279
,-0.15885562
,-0.17095916
,-0.18303721
,-0.19508769
,-0.20710878
,-0.21909869
,-0.23105536
,-0.24297747
,-0.25486299
,-0.26671013
,-0.2785171
,-0.29028213
,-0.30200323
,-0.31367907
,-0.32530767
,-0.33688727
,-0.34841612
,-0.35989231
,-0.37131453
,-0.3826808
,-0.39398944
,-0.40523878
,-0.41642684
,-0.42755243
,-0.43861362
,-0.44960874
,-0.46053618
,-0.47139403
,-0.48218113
,-0.4928956
,-0.50353587
,-0.51410025
,-0.52458721
,-0.53499502
,-0.54532242
,-0.55556774
,-0.56572938
,-0.57580578
,-0.58579528
,-0.59569681
,-0.60550857
,-0.61522919
,-0.62485713
,-0.63439101
,-0.64382911
,-0.65317047
,-0.66241348
,-0.67155665
,-0.6805988
,-0.68953818
,-0.69837397
,-0.70710456
,-0.71572864
,-0.72424495
,-0.73265201
,-0.74094892
,-0.74913424
,-0.75720662
,-0.76516509
,-0.77300829
,-0.78073514
,-0.78834438
,-0.7958349
,-0.80320561
,-0.81045532
,-0.81758296
,-0.82458752
,-0.83146763
,-0.8382228
,-0.84485167
,-0.85135335
,-0.85772687
,-0.86397111
,-0.87008536
,-0.87606847
,-0.88191968
,-0.88763809
,-0.89322287
,-0.89867288
,-0.90398777
,-0.90916646
,-0.91420829
,-0.91911244
,-0.92387819
,-0.92850477
,-0.93299156
,-0.93733782
,-0.94154292
,-0.94560623
,-0.94952697
,-0.95330489
,-0.95693928
,-0.96042949
,-0.9637751
,-0.96697557
,-0.97003037
,-0.97293913
,-0.97570133
,-0.97831666
,-0.9807846
,-0.98310477
,-0.985277
,-0.98730081
,-0.98917598
,-0.99090213
,-0.99247909
,-0.99390656
,-0.99518436
,-0.99631232
,-0.99729019
,-0.99811786
,-0.99879527
,-0.99932224
,-0.9996987
,-0.99992466
,-1.0
,-0.99992472
,-0.99969888
,-0.99932253
,-0.99879563
,-0.99811834
,-0.99729073
,-0.99631292
,-0.99518508
,-0.99390739
,-0.99247998
,-0.99090314
,-0.98917705
,-0.98730201
,-0.98527831
,-0.98310614
,-0.98078609
,-0.97831821
,-0.975703
,-0.97294086
,-0.97003222
,-0.96697748
,-0.96377712
,-0.96043164
,-0.95694149
,-0.95330721
,-0.94952941
,-0.94560874
,-0.94154549
,-0.9373405
,-0.93299431
,-0.92850763
,-0.92388111
,-0.91911548
,-0.91421139
,-0.90916967
,-0.90399098
,-0.89867622
,-0.89322627
,-0.88764161
,-0.88192332
,-0.87607217
,-0.87008905
,-0.86397499
,-0.85773075
,-0.85135734
,-0.84485579
,-0.83822691
,-0.83147186
,-0.82459182
,-0.81758738
,-0.81045979
,-0.80321014
,-0.79583955
,-0.78834909
,-0.7807399
,-0.77301311
,-0.76516998
,-0.75721157
,-0.74913943
,-0.74095422
,-0.73265737
,-0.7242502
,-0.71573395
,-0.70710993
,-0.6983794
,-0.68954372
,-0.68060416
,-0.67156214
,-0.66241896
,-0.65317643
,-0.64383513
,-0.63439685
,-0.62486309
,-0.61523521
,-0.60551465
,-0.59570289
,-0.58580148
,-0.5758118
,-0.56573546
,-0.55557424
,-0.54532903
,-0.53500164
,-0.52459371
,-0.51410675
,-0.50354242
,-0.49290222
,-0.48218778
,-0.47140077
,-0.46054271
,-0.44961533
,-0.43862066
,-0.42755952
,-0.41643399
,-0.40524572
,-0.39399645
,-0.38268784
,-0.37132159
,-0.3598994
,-0.34842303
,-0.33689418
,-0.32531461
,-0.31368652
,-0.30201072
,-0.2902894
,-0.2785244
,-0.26671746
,-0.25487036
,-0.24298485
,-0.23106275
,-0.21910587
,-0.20711598
,-0.1950949
,-0.18304491
,-0.17096689
,-0.15886313
,-0.14673543
,-0.13458563
,-0.12241558
,-0.11022709
,-0.098021992
,-0.08580213
,-0.07356935
,-0.061325971
,-0.049072877
,-0.036812395
,-0.024546366
,-0.012276643
