0.09049098278996831
,-0.006109166017985025
,-0.006016117150465817
,-0.005973706386940084
,-0.005946204114993974
,-0.005982534612328694
,-0.006016131340378167
,-0.0060936812535324755
,-0.006172513380812996
,-0.006304022145151165
,-0.006425817049543213
,-0.006600339586541485
,-0.006733194725473418
,-0.006910944106945683
,-0.007037685698922611
,-0.007254460538812929
,-0.007322474115960655
,-0.007434639070140945
,-0.007827264386298426
,-0.007954183209310848
,-0.008119608325977317
,-0.008227993001808242
,-0.008400121215898441
,-0.008547606737732878
,-0.008744597444777045
,-0.008945676763533894
,-0.009205078828501793
,-0.009480096460936543
,-0.009816917202260555
,-0.01015074448939506
,-0.01053158737545946
,-0.010923499844267534
,-0.011380948606640968
,-0.011778073511510589
,-0.012286208034607718
,-0.012845261603948522
,-0.013367219493578775
,-0.013878191479135197
,-0.014383803857112356
,-0.014896225990989274
,-0.015386216116738616
,-0.015850166000252172
,-0.016278135419301835
,-0.016656950963092557
,-0.016978776817259678
,-0.0172270349340653
,-0.01736613759891562
,-0.017387392715538554
,-0.017297969078653896
,-0.01707591016319882
,-0.016674381317105576
,-0.016184633768871953
,-0.01555447665638482
,-0.014758868289786422
,-0.013789782670002191
,-0.012677187216157989
,-0.011431199707400842
,-0.01005027417493806
,-0.008545822598161688
,-0.00693438598069917
,-0.005227039739521894
,-0.0034551666780179117
,-0.0016306374255042467
,2.4330029432910485E-4
,0.0021424533909463355
,0.004013252419429704
,0.005860497521055138
,0.007659856777522908
,0.009331759188855496
,0.010873696048549628
,0.012275408756891867
,0.013530669484517041
,0.014589334045986124
,0.01543594477579743
,0.016058577640306534
,0.016447317194458595
,0.016590605269884675
,0.016488975825982997
,0.016121781799627474
,0.015502094565659298
,0.014655265416113148
,0.013589332278133096
,0.012291719155358862
,0.010814984777930645
,0.009167854281229626
,0.007351374658650086
,0.0053925275379787755
,0.0033460825706891394
,0.001253837234887841
,-8.694529364057956E-4
,-0.0029892185371402334
,-0.005064335065579555
,-0.007063365121988847
,-0.00894791601945743
,-0.010688173313966778
,-0.012273772445858562
,-0.013673559061109486
,-0.014840663341198301
,-0.015768368740919216
,-0.01645746120629044
,-0.016876382184764397
,-0.017026452006435093
,-0.01692489003809041
,-0.0165847817763213
,-0.01598785552618136
,-0.01514125892408373
,-0.014076585191716472
,-0.012814779516451017
,-0.011376976394657847
,-0.00979502005450012
,-0.008091080209369059
,-0.006302433624804926
,-0.004485216388253471
,-0.0026692465900458448
,-8.657220076081408E-4
,8.776199735523098E-4
,0.002518551285056594
,0.004036115815168911
,0.005405837257101043
,0.006580965372626057
,0.007530199258346506
,0.008260253661803541
,0.008761701917809187
,0.009013760133071062
,0.009013760133071062
,0.008761701917809187
,0.008260253661803541
,0.007530199258346506
,0.006580965372626057
,0.005405837257101043
,0.004036115815168911
,0.002518551285056594
,8.776199735523098E-4
,-8.657220076081408E-4
,-0.0026692465900458448
,-0.004485216388253471
,-0.006302433624804926
,-0.008091080209369059
,-0.00979502005450012
,-0.011376976394657847
,-0.012814779516451017
,-0.014076585191716472
,-0.01514125892408373
,-0.01598785552618136
,-0.0165847817763213
,-0.01692489003809041
,-0.017026452006435093
,-0.016876382184764397
,-0.01645746120629044
,-0.015768368740919216
,-0.014840663341198301
,-0.013673559061109486
,-0.012273772445858562
,-0.010688173313966778
,-0.00894791601945743
,-0.007063365121988847
,-0.005064335065579555
,-0.0029892185371402334
,-8.694529364057956E-4
,0.001253837234887841
,0.0033460825706891394
,0.0053925275379787755
,0.007351374658650086
,0.009167854281229626
,0.010814984777930645
,0.012291719155358862
,0.013589332278133096
,0.014655265416113148
,0.015502094565659298
,0.016121781799627474
,0.016488975825982997
,0.016590605269884675
,0.016447317194458595
,0.016058577640306534
,0.01543594477579743
,0.014589334045986124
,0.013530669484517041
,0.012275408756891867
,0.010873696048549628
,0.009331759188855496
,0.007659856777522908
,0.005860497521055138
,0.004013252419429704
,0.0021424533909463355
,2.4330029432910485E-4
,-0.0016306374255042467
,-0.0034551666780179117
,-0.005227039739521894
,-0.00693438598069917
,-0.008545822598161688
,-0.01005027417493806
,-0.011431199707400842
,-0.012677187216157989
,-0.013789782670002191
,-0.014758868289786422
,-0.01555447665638482
,-0.016184633768871953
,-0.016674381317105576
,-0.01707591016319882
,-0.017297969078653896
,-0.017387392715538554
,-0.01736613759891562
,-0.0172270349340653
,-0.016978776817259678
,-0.016656950963092557
,-0.016278135419301835
,-0.015850166000252172
,-0.015386216116738616
,-0.014896225990989274
,-0.014383803857112356
,-0.013878191479135197
,-0.013367219493578775
,-0.012845261603948522
,-0.012286208034607718
,-0.011778073511510589
,-0.011380948606640968
,-0.010923499844267534
,-0.01053158737545946
,-0.01015074448939506
,-0.009816917202260555
,-0.009480096460936543
,-0.009205078828501793
,-0.008945676763533894
,-0.008744597444777045
,-0.008547606737732878
,-0.008400121215898441
,-0.008227993001808242
,-0.008119608325977317
,-0.007954183209310848
,-0.007827264386298426
,-0.007434639070140945
,-0.007322474115960655
,-0.007254460538812929
,-0.007037685698922611
,-0.006910944106945683
,-0.006733194725473418
,-0.006600339586541485
,-0.006425817049543213
,-0.006304022145151165
,-0.006172513380812996
,-0.0060936812535324755
,-0.006016131340378167
,-0.005982534612328694
,-0.005946204114993974
,-0.005973706386940084
,-0.006016117150465817
,-0.006109166017985025
